10 Hz
num= [1, 0, -1]
den= [1, -1.6099438188061455, 0.990025]

100 Hz

num= [1, 0, -1]
den= [1, -1.5371322893124, 0.9025]